Intensidades promedio por nodo: [8.40861421 8.41025049 8.40899987 8.40796599 8.4049098  8.40744003
 8.4047714  8.40582358 8.40411902 8.40347079 8.4028883  8.40324022
 8.40281864 8.4047689  8.40348237 8.40177675 8.40315331 8.40475783
 8.40356817 8.40009111 8.40195891 8.40297689 8.40235644 8.40352947
 8.40218438 8.40093487 8.48341288 8.48340919 8.48342018 8.48341649
 8.4834128  8.39540363 8.39793086 8.39487795 8.39080767 8.40256421
 8.39608461 8.41161289 8.39324658 8.39028928 8.38657329 8.40843824
 8.39621126 8.39898222 8.4000285  8.40126503 8.4019657  8.40337156
 8.40329097 8.40474048 8.48341655 8.48340551 8.48341286 8.48340182
 8.48340918 8.48342022 8.48341653 8.48340549 8.48341285 8.4834018
 8.48340916 8.48340547 8.48342389 8.4834202  8.48341651 8.48341283
 8.48340914 8.48342755 8.48342386 8.48339813 8.39403306 8.39795751
 8.39896466 8.40526686 8.4046768  8.4156569  8.39718459 8.3927197
 8.38570891 8.40169536 8.38190361 8.39908282 8.40225918 8.40011533
 8.3778089  8.41720839 8.41621294 8.40646952 8.41769691 8.41815923
 8.41135521 8.40892605 8.39312913 8.40431506 8.37488337 8.36361316
 8.38417566 8.41521025 8.42170875 8.42051604 8.41069098 8.43015989
 8.38437231 8.42096395 8.41610709 8.41327616 8.39275248 8.3751538
 8.36567046 8.38725072]